
ans =

    1.4999

test0213

ans =

    1.5000

test0213
test0213
