s
{Unrecognized function or variable 's'.
} 
ODs

ODs =

    0.0010    0.0020    0.1000
    0.0010    0.0030    0.1000
    0.0010    0.0040    0.5000
    0.0010    0.0050    0.2000
    0.0010    0.0060    0.3000
    0.0010    0.0070    0.5000
    0.0010    0.0080    0.8000
    0.0010    0.0090    0.5000
    0.0010    0.0100    1.3000
    0.0010    0.0110    0.5000
    0.0010    0.0120    0.2000
    0.0010    0.0130    0.5000
    0.0010    0.0140    0.3000
    0.0010    0.0150    0.5000
    0.0010    0.0160    0.5000
    0.0010    0.0170    0.4000
    0.0010    0.0180    0.1000
    0.0010    0.0190    0.3000
    0.0010    0.0200    0.3000
    0.0010    0.0210    0.1000
    0.0010    0.0220    0.4000
    0.0010    0.0230    0.3000
    0.0010    0.0240    0.1000
    0.0020    0.0010    0.1000
    0.0020    0.0030    0.1000
    0.0020    0.0040    0.2000
    0.0020    0.0050    0.1000
    0.0020    0.0060    0.4000
    0.0020    0.0070    0.2000
    0.0020    0.0080    0.4000
    0.0020    0.0090    0.2000
    0.0020    0.0100    0.6000
    0.0020    0.0110    0.2000
    0.0020    0.0120    0.1000
    0.0020    0.0130    0.3000
    0.0020    0.0140    0.1000
    0.0020    0.0150    0.1000
    0.0020    0.0160    0.4000
    0.0020    0.0170    0.2000
    0.0020    0.0190    0.1000
    0.0020    0.0200    0.1000
    0.0020    0.0220    0.1000
    0.0030    0.0010    0.1000
    0.0030    0.0020    0.1000
    0.0030    0.0040    0.2000
    0.0030    0.0050    0.1000
    0.0030    0.0060    0.3000
    0.0030    0.0070    0.1000
    0.0030    0.0080    0.2000
    0.0030    0.0090    0.1000

if system_dependent('IsDebugMode')==1, dbquit; end
test0213
Academic license - for non-commercial use only - expires 2021-03-11
Warning for adding variables: zero or small (< 1e-13) coefficients, ignored
Gurobi Optimizer version 9.1.1 build v9.1.1rc0 (win64)
Thread count: 4 physical cores, 8 logical processors, using up to 8 threads
Optimize a model with 12754 rows, 8955 columns and 63106 nonzeros
Model fingerprint: 0xa10c5d3a
Model has 2 quadratic constraints
Coefficient statistics:
  Matrix range     [1e-13, 5e+00]
  QMatrix range    [1e+00, 1e+00]
  Objective range  [1e+00, 1e+00]
  Bounds range     [0e+00, 0e+00]
  RHS range        [1e-01, 1e+01]
Presolve removed 7726 rows and 51 columns

Continuous model is non-convex -- solving as a MIP.

Presolve removed 7677 rows and 52 columns
Presolve time: 0.07s
Presolved: 5078 rows, 8980 columns, 47403 nonzeros
Presolved model has 3799 SOS constraint(s)
Presolved model has 77 quadratic constraint(s)
Variable types: 8980 continuous, 0 integer (0 binary)
Presolve removed 3850 rows and 5025 columns
Presolve time: 0.26s
Presolved: 1404 rows, 4109 columns, 28874 nonzeros
Presolved model has 77 second-order cone constraints
Root barrier log...

Ordering time: 0.00s

Barrier statistics:
 Dense cols : 1
 AA' NZ     : 2.528e+04
 Factor NZ  : 6.915e+04 (roughly 3 MBytes of memory)
 Factor Ops : 4.537e+06 (less than 1 second per iteration)
 Threads    : 1

                  Objective                Residual
Iter       Primal          Dual         Primal    Dual     Compl     Time
   0   3.29144095e+05  2.82000000e+01  1.61e+03 1.98e+00  1.20e+02     0s
   1   2.19826373e+05  3.51965817e+01  1.08e+03 9.00e-01  8.08e+01     0s
   2   4.70513235e+04  3.18765779e+01  2.25e+02 6.28e-01  1.77e+01     0s
   3   1.39959139e+04  5.67435888e+01  6.59e+01 1.80e-01  5.21e+00     0s
   4   5.72271534e+03  4.14508261e+01  2.47e+01 4.59e-02  1.97e+00     0s
   5   1.65946639e+03  1.31016504e+02  5.57e+00 6.13e-03  4.77e-01     0s
   6   8.99102429e+02  2.29264153e+02  2.27e+00 1.32e-03  1.98e-01     0s
   7   6.36990222e+02  2.68242383e+02  1.24e+00 5.87e-04  1.07e-01     0s
   8   5.11527638e+02  2.79010159e+02  7.43e-01 3.99e-04  6.65e-02     0s
   9   3.74300525e+02  2.97063197e+02  2.14e-01 8.07e-05  2.14e-02     0s
  10   3.35505068e+02  2.99753970e+02  8.67e-02 4.63e-05  9.72e-03     0s
  11   3.12433180e+02  3.01933491e+02  1.99e-02 1.25e-05  2.78e-03     0s
  12   3.09395016e+02  3.02483170e+02  1.31e-02 4.56e-06  1.83e-03     0s
  13   3.05426982e+02  3.02667931e+02  4.56e-03 2.21e-06  7.21e-04     1s
  14   3.04406951e+02  3.02793216e+02  2.67e-03 1.52e-06  4.21e-04     1s
  15   3.03287519e+02  3.02811921e+02  6.38e-04 2.10e-06  1.22e-04     1s
  16   3.03076891e+02  3.02830006e+02  3.27e-04 6.78e-06  6.35e-05     1s
  17   3.02936498e+02  3.02838060e+02  1.22e-04 1.81e-05  2.52e-05     1s
  18   3.02841427e+02  3.02839256e+02  2.09e-06 3.19e-05  5.49e-07     1s
  19   3.02841259e+02  3.02839264e+02  1.95e-05 2.82e-04  5.04e-07     1s
  20   3.02841254e+02  3.02839264e+02  1.91e-05 2.90e-04  5.03e-07     1s
  21   3.02841254e+02  3.02839264e+02  1.90e-05 2.90e-04  5.03e-07     1s
  22   3.02841265e+02  3.02839264e+02  1.87e-05 2.90e-04  5.03e-07     1s
  23   3.02841270e+02  3.02839264e+02  1.97e-05 2.90e-04  5.03e-07     1s
  24   3.02841256e+02  3.02839264e+02  1.87e-05 2.90e-04  5.03e-07     1s
  25   3.02841267e+02  3.02839264e+02  1.82e-05 2.90e-04  5.04e-07     1s
  26   3.02841254e+02  3.02839264e+02  2.25e-05 2.90e-04  5.04e-07     1s
  27   3.02841238e+02  3.02839265e+02  2.66e-05 3.02e-04  5.05e-07     1s
  28   3.02841327e+02  3.02839265e+02  4.45e-05 3.02e-04  5.32e-07     1s
  29   3.02841328e+02  3.02839265e+02  4.25e-05 3.02e-04  5.31e-07     1s
  30   3.02841380e+02  3.02839265e+02  4.44e-05 3.06e-04  5.34e-07     1s
  31   3.02841830e+02  3.02839265e+02  5.07e-05 2.81e-04  6.50e-07     1s
  32   3.02841819e+02  3.02839258e+02  3.39e-05 2.39e-04  6.34e-07     1s
  33   3.02843231e+02  3.02839258e+02  6.31e-05 2.39e-04  9.66e-07     1s
  34   3.02842965e+02  3.02839256e+02  5.32e-05 3.23e-04  9.03e-07     1s
  35   3.02842783e+02  3.02839260e+02  5.25e-05 4.20e-04  8.55e-07     1s
  36   3.02842548e+02  3.02839260e+02  1.34e-04 4.20e-04  8.32e-07     1s
  37   3.02842519e+02  3.02839262e+02  1.09e-04 4.23e-04  8.26e-07     1s
  38   3.02842279e+02  3.02839226e+02  4.69e-04 3.01e-04  7.50e-07     1s
  39   3.02839354e+02  3.02839317e+02  9.07e-06 9.21e-05  1.14e-08     1s

Barrier solved model in 39 iterations and 0.77 seconds
Optimal objective 3.02839354e+02


Root relaxation: objective 3.028394e+02, 0 iterations, 0.56 seconds

    Nodes    |    Current Node    |     Objective Bounds      |     Work
 Expl Unexpl |  Obj  Depth IntInf | Incumbent    BestBd   Gap | It/Node Time

     0     0  302.83935    0  211          -  302.83935      -     -    0s
     0     0  302.83935    0  211          -  302.83935      -     -    0s
     0     2  302.84120    0  241          -  302.84120      -     -    1s
    23    28  316.35152    5  204          -  302.84120      -   0.0    5s
    79    83  307.51595   13  137          -  302.84120      -   0.0   10s
   139   142  306.37766   20  106          -  302.84120      -   0.0   15s
   209   215  306.37766   29   86          -  302.84120      -   0.0   20s
   269   278  316.82481   37   94          -  302.84120      -   0.0   25s
   317   322  315.22099   44  106          -  302.84120      -   0.0   30s
   360   368  317.82479   52   77          -  302.84120      -   0.0   36s
   400   410  323.64166   58   66          -  302.84120      -   0.0   40s
   445   443  postponed   64               -  302.84120      -   0.0   46s
   480   485  postponed   66               -  302.84120      -   0.0   52s
   504   513  postponed   67               -  302.84120      -   0.0   55s
   557   552  postponed   69               -  302.84120      -   0.0   64s
   581   570  postponed   71               -  302.84120      -   0.0   68s
   601   598  postponed   72               -  302.84120      -   0.0   74s
   631   628  postponed   74               -  302.84120      -   0.0   79s
   671   663  postponed   75               -  302.84120      -   0.0   84s
   706   706  postponed   77               -  302.84120      -   0.0   91s
   753   744  postponed   78               -  302.84120      -   0.0   98s
