Elapsed time is 16.381683 seconds.
value(obj)

ans =

  215.1381

test0210
